1.0000000 0.0000000 0.0000000 0.0000000 % N=1 shot
0.0000000 1.0000000 0.0000000 0.0000000 
0.0000000 0.0000000 1.0000000 0.0000000 
0.0000000 0.0000000 0.0000000 1.0000000 

1.0000000 0.0000000 0.0000000 0.0000000 % N=2 shots
0.0000000 1.0000000 0.0000000 0.0000000 
0.0000000 0.0000000 1.0000000 0.0000000 
0.0000000 0.0000000 0.0000000 1.0000000 

1.0000000 0.0000000 0.0000000 0.0000000 % N=4 shots
0.0000000 1.0000000 0.0000000 0.0000000 
0.0000000 0.0000000 1.0000000 0.0000000 
0.0000000 0.0000000 0.0000000 1.0000000 

1.0000000 0.0000000 0.0000000 0.0000000 % N=8 shots
0.0000000 1.0000000 0.0000000 0.1250000 
0.0000000 0.0000000 1.0000000 0.1250000 
0.0000000 0.0000000 0.0000000 0.7500000 

1.0000000 0.0000000 0.0000000 0.0000000 % N=16 shots
0.0000000 1.0000000 0.0000000 0.0000000 
0.0000000 0.0000000 1.0000000 0.1250000 
0.0000000 0.0000000 0.0000000 0.8750000 

1.0000000 0.0000000 0.0000000 0.0000000 % N=32 shots
0.0000000 1.0000000 0.0000000 0.0937500 
0.0000000 0.0000000 1.0000000 0.0312500 
0.0000000 0.0000000 0.0000000 0.8750000 

1.0000000 0.0000000 0.0000000 0.0468750 % N=64 shots
0.0000000 1.0000000 0.0000000 0.0312500 
0.0000000 0.0000000 1.0000000 0.1250000 
0.0000000 0.0000000 0.0000000 0.7968750 

1.0000000 0.0000000 0.0000000 0.0859375 % N=128 shots
0.0000000 1.0000000 0.0000000 0.1406250 
0.0000000 0.0000000 1.0000000 0.0937500 
0.0000000 0.0000000 0.0000000 0.6796875 

1.0000000 0.0000000 0.0000000 0.0429687 % N=256 shots
0.0000000 1.0000000 0.0000000 0.0820312 
0.0000000 0.0000000 1.0000000 0.0781250 
0.0000000 0.0000000 0.0000000 0.7968750 

1.0000000 0.0000000 0.0000000 0.0371093 % N=512 shots
0.0000000 1.0000000 0.0000000 0.1308593 
0.0000000 0.0000000 1.0000000 0.0703125 
0.0000000 0.0000000 0.0000000 0.7617187 

1.0000000 0.0000000 0.0000000 0.0498046 % N=1024 shots
0.0000000 1.0000000 0.0000000 0.1152343 
0.0000000 0.0000000 1.0000000 0.0781250 
0.0000000 0.0000000 0.0000000 0.7568359 

1.0000000 0.0000000 0.0000000 0.0522460 % N=2048 shots
0.0000000 1.0000000 0.0000000 0.1264648 
0.0000000 0.0000000 1.0000000 0.0947265 
0.0000000 0.0000000 0.0000000 0.7265625 

1.0000000 0.0000000 0.0000000 0.0385742 % N=4096 shots
0.0000000 1.0000000 0.0000000 0.1254882 
0.0000000 0.0000000 1.0000000 0.0888671 
0.0000000 0.0000000 0.0000000 0.7470703 

1.0000000 0.0000000 0.0000000 0.0400390 % N=8192 shots
0.0000000 1.0000000 0.0000000 0.1254882 
0.0000000 0.0000000 1.0000000 0.0842285 
0.0000000 0.0000000 0.0000000 0.7502441 

1.0000000 0.0000000 0.0000000 0.0000000 % N=1 shot
0.0000000 1.0000000 0.0000000 0.0000000 
0.0000000 0.0000000 1.0000000 0.0000000 
0.0000000 0.0000000 0.0000000 1.0000000 

1.0000000 0.0000000 0.0000000 0.0000000 % N=2 shots
0.0000000 1.0000000 0.0000000 0.0000000 
0.0000000 0.0000000 1.0000000 0.5000000 
0.0000000 0.0000000 0.0000000 0.5000000 

1.0000000 0.0000000 0.0000000 0.2500000 % N=4 shots
0.0000000 1.0000000 0.0000000 0.0000000 
0.0000000 0.0000000 1.0000000 0.0000000 
0.0000000 0.0000000 0.0000000 0.7500000 

1.0000000 0.0000000 0.0000000 0.0000000 % N=8 shots
0.0000000 1.0000000 0.0000000 0.2500000 
0.0000000 0.0000000 1.0000000 0.0000000 
0.0000000 0.0000000 0.0000000 0.7500000 

1.0000000 0.0000000 0.0000000 0.0000000 % N=16 shots
0.0000000 1.0000000 0.0000000 0.1875000 
0.0000000 0.0000000 1.0000000 0.1250000 
0.0000000 0.0000000 0.0000000 0.6875000 

1.0000000 0.0000000 0.0000000 0.0000000 % N=32 shots
0.0000000 1.0000000 0.0000000 0.1250000 
0.0000000 0.0000000 1.0000000 0.1875000 
0.0000000 0.0000000 0.0000000 0.6875000 

1.0000000 0.0000000 0.0000000 0.0468750 % N=64 shots
0.0000000 1.0000000 0.0000000 0.1250000 
0.0000000 0.0000000 1.0000000 0.0781250 
0.0000000 0.0000000 0.0000000 0.7500000 

1.0000000 0.0000000 0.0000000 0.0156250 % N=128 shots
0.0000000 1.0000000 0.0000000 0.0859375 
0.0000000 0.0000000 1.0000000 0.0468750 
0.0000000 0.0000000 0.0000000 0.8515625 

1.0000000 0.0000000 0.0000000 0.0390625 % N=256 shots
0.0000000 1.0000000 0.0000000 0.1289062 
0.0000000 0.0000000 1.0000000 0.0703125 
0.0000000 0.0000000 0.0000000 0.7617187 

1.0000000 0.0000000 0.0000000 0.0449218 % N=512 shots
0.0000000 1.0000000 0.0000000 0.1523437 
0.0000000 0.0000000 1.0000000 0.0625000 
0.0000000 0.0000000 0.0000000 0.7402343 

1.0000000 0.0000000 0.0000000 0.0742187 % N=1024 shots
0.0000000 1.0000000 0.0000000 0.1591796 
0.0000000 0.0000000 1.0000000 0.1523437 
0.0000000 0.0000000 0.0000000 0.6142578 

1.0000000 0.0000000 0.0000000 0.0419921 % N=2048 shots
0.0000000 1.0000000 0.0000000 0.1191406 
0.0000000 0.0000000 1.0000000 0.0957031 
0.0000000 0.0000000 0.0000000 0.7431640 

1.0000000 0.0000000 0.0000000 0.0397949 % N=4096 shots
0.0000000 1.0000000 0.0000000 0.1206054 
0.0000000 0.0000000 1.0000000 0.0781250 
0.0000000 0.0000000 0.0000000 0.7614746 

1.0000000 0.0000000 0.0000000 0.0361328 % N=8192 shots
0.0000000 1.0000000 0.0000000 0.1248779 
0.0000000 0.0000000 1.0000000 0.0745849 
0.0000000 0.0000000 0.0000000 0.7644043 

1.0000000 0.0000000 0.0000000 0.0000000 % N=1 shot
0.0000000 1.0000000 0.0000000 0.0000000 
0.0000000 0.0000000 1.0000000 0.0000000 
0.0000000 0.0000000 0.0000000 1.0000000 

1.0000000 0.0000000 0.0000000 1.0000000 % N=2 shots
0.0000000 1.0000000 0.0000000 0.0000000 
0.0000000 0.0000000 1.0000000 0.0000000 
0.0000000 0.0000000 0.0000000 0.0000000 

1.0000000 0.0000000 0.0000000 0.0000000 % N=4 shots
0.0000000 1.0000000 0.0000000 0.0000000 
0.0000000 0.0000000 1.0000000 0.0000000 
0.0000000 0.0000000 0.0000000 1.0000000 

1.0000000 0.0000000 0.0000000 0.0000000 % N=8 shots
0.0000000 1.0000000 0.0000000 0.1250000 
0.0000000 0.0000000 1.0000000 0.1250000 
0.0000000 0.0000000 0.0000000 0.7500000 

1.0000000 0.0000000 0.0000000 0.0625000 % N=16 shots
0.0000000 1.0000000 0.0000000 0.1875000 
0.0000000 0.0000000 1.0000000 0.0000000 
0.0000000 0.0000000 0.0000000 0.7500000 

1.0000000 0.0000000 0.0000000 0.0312500 % N=32 shots
0.0000000 1.0000000 0.0000000 0.1250000 
0.0000000 0.0000000 1.0000000 0.0000000 
0.0000000 0.0000000 0.0000000 0.8437500 

1.0000000 0.0000000 0.0000000 0.0312500 % N=64 shots
0.0000000 1.0000000 0.0000000 0.1093750 
0.0000000 0.0000000 1.0000000 0.0625000 
0.0000000 0.0000000 0.0000000 0.7968750 

1.0000000 0.0000000 0.0000000 0.0390625 % N=128 shots
0.0000000 1.0000000 0.0000000 0.1562500 
0.0000000 0.0000000 1.0000000 0.0781250 
0.0000000 0.0000000 0.0000000 0.7265625 

1.0000000 0.0000000 0.0000000 0.0585937 % N=256 shots
0.0000000 1.0000000 0.0000000 0.1523437 
0.0000000 0.0000000 1.0000000 0.0625000 
0.0000000 0.0000000 0.0000000 0.7265625 

1.0000000 0.0000000 0.0000000 0.0214843 % N=512 shots
0.0000000 1.0000000 0.0000000 0.1191406 
0.0000000 0.0000000 1.0000000 0.0800781 
0.0000000 0.0000000 0.0000000 0.7792968 

1.0000000 0.0000000 0.0000000 0.0361328 % N=1024 shots
0.0000000 1.0000000 0.0000000 0.1562500 
0.0000000 0.0000000 1.0000000 0.0927734 
0.0000000 0.0000000 0.0000000 0.7148437 

1.0000000 0.0000000 0.0000000 0.0468750 % N=2048 shots
0.0000000 1.0000000 0.0000000 0.1411132 
0.0000000 0.0000000 1.0000000 0.0839843 
0.0000000 0.0000000 0.0000000 0.7280273 

1.0000000 0.0000000 0.0000000 0.0737304 % N=4096 shots
0.0000000 1.0000000 0.0000000 0.1835937 
0.0000000 0.0000000 1.0000000 0.1359863 
0.0000000 0.0000000 0.0000000 0.6066894 

1.0000000 0.0000000 0.0000000 0.0495605 % N=8192 shots
0.0000000 1.0000000 0.0000000 0.1494140 
0.0000000 0.0000000 1.0000000 0.1082763 
0.0000000 0.0000000 0.0000000 0.6927490 
